-160   80 160 160
   0   80 160 160
 160   80 160 160
-160  -80 160 160
   0  -80 160 160
 160  -80 160 160

   0 -300 160 160
-160 -300 160 160
 160 -300 160 160
-320 -300 160 160
 320 -300 160 160
 480 -300 160 160
-480 -300 160 160
-480 -140 160 160
-480   20 160 160
-720 -220 320 320
-640   20 160 160
-800   20 160 160
720  -380 320 320
400  -540 320 320
80  -540 320 320
-240  -540 320 320
-560  -540 320 320

   0  300 160 160
-160  300 160 160
 160  300 160 160
-320  300 160 160
 320  300 160 160
-480  300 160 160
-640  300 160 160
 480  300 160 160
 480  140 160 160
 480  -20 160 160
 720  220 320 320
 640  -20 160 160
 800  -20 160 160